Results for 20 blocks

14627 47271 24198 2278 5489 1599 12278 3013 2145 20673 5415 14225 2587 4061 2774 15931 9570 4956 1205 8568 
171 213 227 28 60 14 101 32 21 231 72 213 26 37 36 248 107 54 16 115 
Results for 40 blocks

10443 7163 10724 22452 19862 2140 2659 7035 10019 5303 2397 7915 8139 3110 13293 9767 1420 8721 5285 2086 
139 141 101 282 149 29 22 92 100 66 22 106 103 47 146 118 19 105 55 19 
Results for 80 blocks

7084 3103 11155 16607 6249 4363 7389 4930 12274 4514 2868 5271 6354 3070 5129 1871 14191 3110 5270 1395 
64 31 128 128 71 40 76 42 139 44 33 56 70 36 68 24 167 39 60 18 
