Results for 20 blocks

628172 569401 327225 172072 636971 169336 256334 443359 724137 893536 334809 380466 661605 932803 162059 670658 609429 288018 528637 707186 
8013 6921 3784 2198 9091 1962 3036 5720 8933 10451 3560 4768 10006 10608 2093 8218 7415 3172 6406 8749 
Results for 40 blocks

663748 458166 544701 132734 518341 177221 662871 787844 315738 351400 860189 309736 280777 315989 229070 251955 731249 193705 359005 736066 
7917 5637 6985 1732 6267 2203 7532 9390 3476 4311 10270 3310 3461 3647 2409 2766 8781 1855 3261 9077 
Results for 80 blocks

308001 81362 109992 916542 257324 414080 262149 492162 864470 704361 460410 736619 542946 260184 690272 374244 196206 493050 342228 112341 
3555 1008 1352 11343 2522 5293 2819 5933 10611 8719 5218 8828 6557 3116 8265 4494 2212 5978 3593 1488 
